8064
1059
4289
2286
3143
5706
5696
4777
7208
463
3820
28
9358
5352
820
5784
1481
1472
8
4431
6409
6177
2222
1960
286
4729
1497
7952
398
5
2972
5321
3740
9859
1746
2400
3066
7791
2978
8354
2929
6436
9070
6920
9268
8653
467
747
893
8646
5203
5775
2743
2727
4402
352
4174
5843
5435
6413
713
6949
4988
8150
2549
2451
3605
215
6831
7143
916
8246
9653
4790
8155
4202
2045
8926
2339
77
4859
9055
2787
899
5858
5517
2561
7298
2560
1884
503
1388
7339
6342
1949
4981
4044
7029
8240
6115
2751
6124
4825
1091
7133
6755
9821
2522
1518
1409
5468
2951
1429
3921
7734
7069
7148
6416
5703
9303
2544
5038
1504
7661
5032
1751
7432
396
2166
3336
8804
4679
3161
577
2764
7106
3470
816
3952
1102
2877
5652
9227
6265
8714
6143
2469
6585
1854
2198
2692
4542
9620
3454
7715
9642
3998
1265
6130
1862
5116
1485
2052
8470
4632
3777
4470
2512
8125
8608
7744
9342
4626
9026
5946
6223
3001
2515
225
8458
6929
3733
2961
591
8618
4071
5906
9973
1605
2221
5493
3217
3380
7717
3807
6523
3257
4631
3043
4240
9377
7068
6598
7963
266
3835
7980
3485
284
769
7460
3648
1114
3583
9307
5568
9425
4313
8489
7608
6233
8411
9867
9941
3809
2296
1542
9921
8168
4274
8899
1610
5798
8400
3033
7429
8637
7202
6116
563
347
4451
2335
8195
7273
6446
6373
9014
4507
7284
8322
5842
7506
5247
3433
399
1180
7363
4080
4055
5214
6468
315
1631
4457
6595
9783
4577
3588
6113
828
462
3265
9371
1887
5001
7868
4113
6603
861
3882
4443
8821
5068
9809
2170
8369
6032
7071
3972
2432
4400
1835
6623
3425
9299
8739
5058
2853
6015
8417
1506
1351
3274
1734
4768
1914
4193
5509
4737
68
3647
7390
2539
6428
3156
2574
1204
1690
657
4974
8089
6794
80
8742
1924
6665
6236
5362
1771
4854
3836
6822
1329
5494
1657
3869
5460
7626
8717
6234
3570
7946
1820
3311
6659
5533
2529
129
5418
3587
1290
8754
5970
2085
387
31
7214
7156
8647
9578
4284
3556
4778
891
745
8472
8965
6208
8986
9513
3220
644
3102
7584
5029
1296
9828
8424
3599
810
4064
5151
9457
2709
9149
3049
5690
6783
176
9927
5143
2460
4355
917
5689
3340
5617
4907
5854
5208
4437
6357
5063
4998
2304
3290
9567
825
6178
4984
8172
8200
536
1571
6298
765
4785
1223
4724
1902
2869
2899
6090
4185
3079
6661
7528
4779
5672
6695
1753
7094
9636
8499
3254
7509
8291
8776
7541
2541
7564
8152
8156
8868
512
2302
3438
3578
493
8525
3310
8348
985
8975
4508
3386
3822
1138
8107
8214
1477
7083
1057
2077
8169
6891
3190
425
2513
1483
6624
8163
7844
6893
4860
8345
3453
9052
1008
2245
3848
2332
9770
7756
6617
4117
1859
1175
3129
2962
2573
957
6778
699
9484
3515
858
2481
7389
